1 0.440625 0.224219 0.656250 0.439063
0 0.156250 0.755469 0.021875 0.023438
0 0.189844 0.755469 0.029687 0.032813
0 0.217188 0.756250 0.028125 0.034375
0 0.253125 0.793750 0.021875 0.034375
0 0.283594 0.787500 0.035937 0.050000
0 0.317188 0.787500 0.031250 0.043750
0 0.346875 0.790625 0.025000 0.043750
0 0.365625 0.831250 0.025000 0.025000
0 0.377344 0.787500 0.026562 0.043750
1 0.393750 0.615625 0.118750 0.025000
1 0.280469 0.612500 0.095312 0.025000
0 0.625000 0.471094 0.034375 0.042188
0 0.550000 0.602344 0.021875 0.048438
0 0.636719 0.550000 0.023438 0.043750
0 0.611719 0.548438 0.026562 0.050000
0 0.600000 0.609375 0.028125 0.018750
0 0.536719 0.657813 0.107813 0.021875
0 0.501563 0.734375 0.025000 0.028125
0 0.534375 0.736719 0.021875 0.039062
0 0.571094 0.728125 0.026562 0.043750
0 0.406250 0.783594 0.018750 0.035937
0 0.437500 0.784375 0.025000 0.034375
0 0.465625 0.784375 0.021875 0.040625
0 0.443750 0.829688 0.056250 0.028125
0 0.506250 0.809375 0.037500 0.050000
0 0.534375 0.784375 0.025000 0.040625
0 0.568750 0.787500 0.021875 0.034375
0 0.603125 0.787500 0.021875 0.034375
0 0.634375 0.789844 0.025000 0.032813
0 0.664844 0.789844 0.026562 0.035937
0 0.677344 0.835938 0.051562 0.037500
0 0.693750 0.787500 0.021875 0.040625
0 0.725000 0.807813 0.028125 0.071875
0 0.756250 0.787500 0.028125 0.037500
0 0.753125 0.831250 0.028125 0.025000
0 0.815625 0.793750 0.025000 0.043750
0 0.745313 0.697656 0.296875 0.129688
0 0.843750 0.789844 0.025000 0.039062
0 0.849219 0.835938 0.073438 0.021875
0 0.184375 0.808594 0.025000 0.032813
1 0.296094 0.525000 0.357812 0.150000
1 0.178125 0.614062 0.109375 0.025000
1 0.537500 0.509375 0.109375 0.121875
1 0.724219 0.509375 0.132812 0.109375
1 0.806250 0.599219 0.137500 0.064062
1 0.890625 0.671875 0.056250 0.075000
1 0.709375 0.603125 0.046875 0.068750
1 0.509375 0.605469 0.050000 0.051562
0 0.306250 0.681250 0.340625 0.146875
