0 0.102344 0.653125 0.057813 0.128125
0 0.179688 0.637500 0.084375 0.131250
0 0.261719 0.659375 0.032813 0.178125
0 0.371094 0.575000 0.117188 0.168750
0 0.431250 0.392969 0.153125 0.154688
0 0.236719 0.500000 0.170313 0.078125
0 0.285938 0.429688 0.075000 0.109375
0 0.639844 0.409375 0.235937 0.193750
0 0.625000 0.550000 0.118750 0.209375
0 0.809375 0.592969 0.162500 0.235937
0 0.918750 0.628125 0.084375 0.287500
0 0.846875 0.537500 0.206250 0.453125
1 0.937500 0.477344 0.106250 0.110937
1 0.491406 0.159375 0.798438 0.303125
